[{"gt_pixel_keypoints": [[829.546223507584, 602.8106023581082], [799.667402459553, 484.36666082722036], [986.2664083270388, 587.3690319356758], [941.7313202105823, 475.0787124995277], [783.8277590337179, 593.3587104429463], [764.4602018078184, 508.7683441939944], [863.6732099381904, 521.782637254945]], "est_pixel_keypoints": [[826, 604, 2], [984, 592, 2], [983, 589, 2], [934, 478, 2], [783, 596, 2], [762, 514, 2], [862, 515, 2]], "gt_world_keypoints": [[350.0613347223606, 439.3380237339705, 1187.175181571982], [326.2423320995672, 239.52886534189503, 1324.1803575826225], [674.0918807302876, 427.97883091672355, 1234.709817623149], [647.0359823457177, 228.01117956495153, 1366.0731823731908], [273.157600535209, 436.45378896233734, 1230.995540429278], [251.89885900634877, 290.0867244121086, 1321.7347641237257], [413.8469684355591, 285.83701527041575, 1186.7890324025957]], "est_world_keypoints": [[357.79031924412817, 459.59321404376266, 1240.0], [687.0528459980568, 449.47455962969116, 1278.0], [686.64637292198, 444.4647199666245, 1281.0], [630.3688758822931, 236.0381645470841, 1374.0], [281.0256675016942, 455.7521425660545, 1273.0], [257.8389827979953, 314.1012410580854, 1374.0], [433.33682174289396, 288.8780371992885, 1255.0]], "gt_teaser_pose": [[0.9893044932634986, -0.1275876094318219, 0.07069668682566617, 413.1470736542577], [-0.06775316982931605, -0.8311582558149079, -0.5518926179691128, 339.86925017095734], [0.12917479470366222, 0.5411999221269291, -0.830913062060691, 1269.3155191533242], [0.0, 0.0, 0.0, 1.0]], "est_teaser_pose": [[0.989072026491403, -0.13168786422375922, 0.06629353534375218, 429.4263833441379], [-0.06760974844591001, -0.8047130307782234, -0.5898015429030401, 354.988472663026], [0.13101697724825337, 0.5788741180186853, -0.8048225314694041, 1319.155041578627], [0.0, 0.0, 0.0, 1.0]], "est_all_inliers_teaser_pose": [[-0.9900704137304885, -0.1062605507466668, 0.09202864342450197, 118.42048774238418], [0.13974038276093503, -0.8150981896089097, 0.5622166546111071, 248.10535032073363], [0.015270929289550653, 0.5694941936940996, 0.8218534918507926, 1353.5374791346544], [0.0, 0.0, 0.0, 1.0]], "rgb_image_filename": "/home/subella/src/AutomatedAnnotater/Data/RaceCar/Datasets/Validation/2024-01-12-11-46-44/rgb_image_1.png", "average_keypoint_pixel_error": 34.94961020520996, "average_keypoint_world_error": 103.37952574634612, "translation_error": 54.56725032770089, "all_inliers_translation_error": 319.96517357688737, "rotation_error": 2.649558913564646, "all_inliers_rotation_error": 170.8226734282817, "distance": 1377.4481837239173, "K_ros": [[634.3866744313124, 0.0, 642.9537009927419], [0.0, 633.6414372937137, 369.1473349055426], [0.0, 0.0, 1.0]], "K_mat": [[631.478759765625, 0.0, 640.2518310546875], [0.0, 630.9535522460938, 365.23785400390625], [0.0, 0.0, 1.0]], "is_valid": true, "num_inliers": 4}, {"gt_pixel_keypoints": [[845.8699685171746, 590.5850155666794], [815.9134990128903, 473.52544096974464], [1003.8946815495397, 575.9207865154408], [959.0386073690488, 464.13191922174224], [800.2816615243905, 581.2571678190848], [780.8234968544223, 497.76884188248295], [879.8775791731605, 510.30938179468956]], "est_pixel_keypoints": [[842, 592, 2], [809, 477, 2], [999, 580, 2], [951, 468, 2], [798, 586, 2], [777, 499, 2], [878, 505, 2]], "gt_world_keypoints": [[383.62655211353797, 419.25228130035146, 1195.7054649008676], [362.2310788660155, 217.94433674109393, 1330.9046072755223], [708.7433718790905, 405.33394059039756, 1234.3021089206063], [683.9587657701825, 203.95581174363758, 1363.9477387937209], [307.9181146653124, 416.3070839484867, 1241.5561497838098], [288.1761429084545, 268.9822224025611, 1331.0798791226725], [446.3875577152461, 265.3797500288563, 1191.7537469619556]], "est_world_keypoints": [[389.0646205490622, 436.1099013621417, 1240.0], [363.0376015220086, 236.0824871632752, 1387.0], [723.4447032352464, 428.9319942009606, 1289.0], [661.3617154300944, 212.48188949524481, 1362.0], [313.0808338720904, 438.3997757034881, 1281.0], [298.5677791341495, 289.56726151326245, 1413.0], [462.7663841193305, 267.78548358150545, 1249.0]], "gt_teaser_pose": [[0.991976665128776, -0.11827113324831405, 0.04465685703397137, 448.0583188352169], [-0.07536984273481119, -0.8368698966983895, -0.5421883093595415, 318.4356359994853], [0.10149720511483462, 0.5344723706986054, -0.8390694859865243, 1274.6762711497317], [0.0, 0.0, 0.0, 1.0]], "est_teaser_pose": [[0.9878984073453445, -0.1346046465849712, 0.07706053388256678, 450.9703555358723], [-0.0642624237294965, -0.8074021579279075, -0.5864913437296144, 337.7985983621074], [0.14116330139573083, 0.5744417677111346, -0.8062813267389767, 1322.2293974963952], [0.0, 0.0, 0.0, 1.0]], "est_all_inliers_teaser_pose": [[0.9854368015992244, -0.14216381292809413, 0.09329394593239859, 450.83171571667407], [-0.058907731828720125, -0.8000925458609792, -0.5969772166410487, 337.978049419581], [0.15951234806336165, 0.5827875842461334, -0.7968151871443401, 1250.9488870605064], [0.0, 0.0, 0.0, 1.0]], "rgb_image_filename": "/home/subella/src/AutomatedAnnotater/Data/RaceCar/Datasets/Validation/2024-01-12-11-46-44/rgb_image_2.png", "average_keypoint_pixel_error": 6.008866325169628, "average_keypoint_world_error": 54.63616217676294, "translation_error": 51.42668659892471, "all_inliers_translation_error": 30.863998578629356, "rotation_error": 3.7433369687183466, "all_inliers_rotation_error": 4.978412341816986, "distance": 1388.1488059945239, "K_ros": [[634.3866744313124, 0.0, 642.9537009927419], [0.0, 633.6414372937137, 369.1473349055426], [0.0, 0.0, 1.0]], "K_mat": [[631.478759765625, 0.0, 640.2518310546875], [0.0, 630.9535522460938, 365.23785400390625], [0.0, 0.0, 1.0]], "is_valid": true, "num_inliers": 5}, {"gt_pixel_keypoints": [[861.5772470380814, 589.859449800055], [830.6801949398116, 473.2858934554816], [1021.7216040931188, 575.2525123517369], [975.2045951907862, 463.23240093116743], [815.8246425535704, 580.6959890196408], [795.7415708013561, 497.63107357439753], [894.9747591030891, 509.48572587913424]], "est_pixel_keypoints": [[858, 592, 2], [823, 477, 2], [1016, 578, 2], [973, 465, 2], [815, 584, 2], [790, 500, 2], [890, 506, 2]], "gt_world_keypoints": [[414.091539465762, 418.4794210509634, 1196.9788282239215], [394.35008160870836, 217.9836589886636, 1333.6286988924903], [739.943136783898, 401.86042785517157, 1227.4569059610299], [716.6733174212942, 201.29929100509594, 1358.640604320352], [339.53864580994014, 416.41203744587756, 1244.7315136468515], [320.7714265268086, 269.6749850252936, 1335.4226781581222], [475.3874294139755, 264.04132762142535, 1192.1824804457237]], "est_world_keypoints": [[419.660955851006, 435.4064982954286, 1238.0], [390.24095415765953, 234.03995663266286, 1375.0], [752.6943455382923, 421.8969839830543, 1280.0], [710.1555191851468, 206.4872657519811, 1365.0], [346.5948750080226, 433.33925123877094, 1278.0], [327.7550982335075, 292.00373831895917, 1414.0], [484.44522615568343, 268.67673948948345, 1244.0]], "gt_teaser_pose": [[0.993521785257612, -0.11207889334270354, 0.018782542043126127, 479.4088611660276], [-0.08368203055354506, -0.8333590718579122, -0.5463606639524425, 317.39489128609233], [0.07688810038596627, 0.5412494609874389, -0.8373393822100118, 1274.6223960016166], [0.0, 0.0, 0.0, 1.0]], "est_teaser_pose": [[0.9913510607932414, -0.11042467820954686, -0.0709187190129147, 476.1109190049177], [-0.13121259261224705, -0.8236257681908804, -0.5517461821453366, 331.0389481004472], [0.0025159101906197523, 0.5562795919448246, -0.8309913873089253, 1302.761055160733], [0.0, 0.0, 0.0, 1.0]], "est_all_inliers_teaser_pose": [[0.985524994880146, -0.15449302927983669, 0.0698024954455592, 479.7369662365392], [-0.08811523779512072, -0.8185577183187088, -0.567625727613873, 337.07078734737973], [0.14483158956110773, 0.5532586788156227, -0.8203222811678315, 1312.9783591764233], [0.0, 0.0, 0.0, 1.0]], "rgb_image_filename": "/home/subella/src/AutomatedAnnotater/Data/RaceCar/Datasets/Validation/2024-01-12-11-46-44/rgb_image_3.png", "average_keypoint_pixel_error": 5.366219799347251, "average_keypoint_world_error": 47.17364509077164, "translation_error": 31.445521908918746, "all_inliers_translation_error": 43.109493731880065, "rotation_error": 5.163789488297233, "all_inliers_rotation_error": 4.094011826071674, "distance": 1398.2970448255692, "K_ros": [[634.3866744313124, 0.0, 642.9537009927419], [0.0, 633.6414372937137, 369.1473349055426], [0.0, 0.0, 1.0]], "K_mat": [[631.478759765625, 0.0, 640.2518310546875], [0.0, 630.9535522460938, 365.23785400390625], [0.0, 0.0, 1.0]], "is_valid": true, "num_inliers": 6}, {"gt_pixel_keypoints": [[869.2502264362904, 593.4658648984788], [839.6774384958958, 476.93163806721464], [1031.2778382139543, 581.7166389528388], [985.3977475091933, 468.8734859358279], [823.5958389519578, 583.6950383238499], [804.486165877744, 500.7378873679048], [903.444647358702, 513.6304193543206]], "est_pixel_keypoints": [[864, 595, 2], [831, 481, 2], [1027, 585, 2], [977, 471, 2], [823, 588, 2], [801, 505, 2], [901, 511, 2]], "gt_world_keypoints": [[429.6097215448049, 426.25241572913313, 1199.1600379399656], [414.6740093228194, 226.40485914971094, 1337.3604053296995], [756.1591382789575, 413.1517570890218, 1223.2062186336168], [737.5875384799351, 213.16933267567225, 1356.0126282291499], [356.05009222289755, 423.7151865669725, 1248.4070723149453], [340.6151637341309, 277.3513934722885, 1340.3214968988805], [492.3915795824859, 272.4224903390041, 1194.0504259676622]], "est_world_keypoints": [[433.11210770990306, 443.05003774915787, 1243.0], [409.65549199310766, 243.95560969111148, 1382.0], [773.072864861018, 435.01551051158935, 1277.0], [715.0762970526005, 218.28736420556905, 1358.0], [363.5626634734268, 442.4430718789124, 1281.0], [351.5258703993894, 302.5182684815886, 1411.0], [506.422431637664, 278.7168856836244, 1245.0]], "gt_teaser_pose": [[0.9956707127092959, -0.0926298324598625, 0.007716604915429512, 497.4190583073424], [-0.0730503841460459, -0.83113521615877, -0.5512512075604272, 326.3397899253478], [0.05747584909401657, 0.5483009817601748, -0.8343036378751746, 1275.9529733289062], [0.0, 0.0, 0.0, 1.0]], "est_teaser_pose": [[0.9937386719972491, -0.10001736117165282, 0.04979938997018303, 514.2763835148407], [-0.038497308692087784, -0.7249300401177221, -0.6877458790559082, 348.85442389434036], [0.10488760174877353, 0.6815225340362391, -0.7242414145850912, 1334.7838655170387], [0.0, 0.0, 0.0, 1.0]], "est_all_inliers_teaser_pose": [[0.9889203596987577, -0.1368995561723681, 0.05740238403663557, 491.8941933264602], [-0.07926761517326546, -0.8139276514576282, -0.5755331644461629, 348.4274167701407], [0.12551162240216576, 0.5646063139148194, -0.8157613271843044, 1313.072064642528], [0.0, 0.0, 0.0, 1.0]], "rgb_image_filename": "/home/subella/src/AutomatedAnnotater/Data/RaceCar/Datasets/Validation/2024-01-12-11-46-44/rgb_image_4.png", "average_keypoint_pixel_error": 6.078900240083091, "average_keypoint_world_error": 49.47507754280288, "translation_error": 65.20852729176414, "all_inliers_translation_error": 43.54554320066275, "rotation_error": 10.346617723443467, "all_inliers_rotation_error": 4.179389441865755, "distance": 1407.8278901210758, "K_ros": [[634.3866744313124, 0.0, 642.9537009927419], [0.0, 633.6414372937137, 369.1473349055426], [0.0, 0.0, 1.0]], "K_mat": [[631.478759765625, 0.0, 640.2518310546875], [0.0, 630.9535522460938, 365.23785400390625], [0.0, 0.0, 1.0]], "is_valid": true, "num_inliers": 4}, {"gt_pixel_keypoints": [[874.9210750886774, 608.0489983287686], [845.4412053168782, 490.8745120190444], [1039.0647934520155, 597.9333808063643], [992.2218190466315, 483.82795302201026], [829.1485760747543, 597.8777882367688], [810.2011367799361, 514.493633147725], [909.0131289816568, 527.8758047254946]], "est_pixel_keypoints": [[870, 609, 2], [837, 494, 2], [1034, 602, 2], [984, 485, 2], [825, 601, 2], [806, 517, 2], [912, 527, 2]], "gt_world_keypoints": [[439.3851007037031, 453.0242910764162, 1195.7009181760227], [427.50624244867106, 256.34817288537164, 1338.6654598528312], [766.3208951533222, 441.930727833909, 1215.0474112523557], [750.7253814139488, 244.97941405664113, 1352.6787186486229], [366.59445974658496, 451.29535900974855, 1246.1118334175549], [353.2577013134944, 307.0201050298435, 1341.587696108834], [502.81826092678875, 299.3977250924759, 1193.1655312631337]], "est_world_keypoints": [[455.60531184759935, 481.8694370262793, 1273.0], [430.3733885141269, 277.235182942232, 1407.0], [782.8487257939555, 466.7038284822329, 1270.0], [730.5984489134265, 248.4745513737404, 1359.0], [367.8881740958987, 469.09040216906794, 1282.0], [362.6468480055542, 329.24000573462666, 1411.0], [528.434316284398, 310.4033434867111, 1246.0]], "gt_teaser_pose": [[0.9967669001566003, -0.08031451109231404, -0.0023078258610546784, 508.75470118203737], [-0.06728636652239489, -0.8186903774414134, -0.5702794146425506, 355.13151645112964], [0.043912317547771584, 0.5685909295731323, -0.8214475413407387, 1273.6952280508087], [0.0, 0.0, 0.0, 1.0]], "est_teaser_pose": [[0.994760249039173, -0.09399192565962963, 0.040218961228726445, 516.4366488674173], [-0.055600514144192884, -0.8275093483693309, -0.5586920987344167, 378.4037608712121], [0.08579411260934247, 0.553528496350604, -0.8283994048581972, 1345.6620983890853], [0.0, 0.0, 0.0, 1.0]], "est_all_inliers_teaser_pose": [[0.9936942045290694, -0.10338492438713909, -0.04339798722066248, 515.053863030624], [-0.1103146278001203, -0.832199837892195, -0.5433913071677946, 372.42635587822133], [0.020062671274288235, 0.544752225531635, -0.8383570253774163, 1337.7854254442336], [0.0, 0.0, 0.0, 1.0]], "rgb_image_filename": "/home/subella/src/AutomatedAnnotater/Data/RaceCar/Datasets/Validation/2024-01-12-11-46-44/rgb_image_5.png", "average_keypoint_pixel_error": 6.001494367544373, "average_keypoint_world_error": 58.969620363032256, "translation_error": 76.02525966332031, "all_inliers_translation_error": 66.68091415638916, "rotation_error": 2.680779444549214, "all_inliers_rotation_error": 3.2441067520530305, "distance": 1416.7742494522918, "K_ros": [[634.3866744313124, 0.0, 642.9537009927419], [0.0, 633.6414372937137, 369.1473349055426], [0.0, 0.0, 1.0]], "K_mat": [[631.478759765625, 0.0, 640.2518310546875], [0.0, 630.9535522460938, 365.23785400390625], [0.0, 0.0, 1.0]], "is_valid": true, "num_inliers": 5}, {"gt_pixel_keypoints": [[876.5617622162625, 626.4570605531159], [847.0755815561038, 508.5910855469917], [1042.3801337885295, 617.6609577935551], [994.4493891352381, 502.35614974458963], [830.781922756448, 615.978125633307], [811.9219614562887, 532.0933687698159], [910.190882260313, 545.7533448824307]], "est_pixel_keypoints": [[873, 628, 2], [840, 511, 2], [1038, 621, 2], [986, 505, 2], [827, 618, 2], [806, 531, 2], [912, 542, 2]], "gt_world_keypoints": [[441.6558913887203, 487.1580562226801, 1192.8146218726383], [432.126851130916, 294.7711242122109, 1341.6700171405457], [768.8269227828523, 477.7993814239055, 1208.8114670204259], [755.5232864705076, 284.9659439434171, 1352.3861704793567], [369.43712857477, 486.6688180336828, 1244.068284533418], [357.72000866925663, 345.24468188148126, 1343.9220836991785], [505.65045081493645, 333.7491169148004, 1194.122093852997]], "est_world_keypoints": [[450.74646298703504, 507.78538740556985, 1243.0], [431.1254855207196, 310.73015046495635, 1388.0], [783.3838007341994, 500.01567770253945, 1258.0], [728.934622525481, 289.0110743537785, 1348.0], [371.34963930393445, 502.69978030691135, 1280.0], [372.15636847061836, 369.86637120472835, 1448.0], [532.2512575737717, 342.3546534772943, 1255.0]], "gt_teaser_pose": [[0.9974460035440937, -0.07082560761826336, -0.009230564415014922, 512.2137071324873], [-0.062429395191832326, -0.8017322590457171, -0.5944139596454926, 391.758015367819], [0.03469928860795318, 0.5934720870529254, -0.8041062375452305, 1272.91690656824], [0.0, 0.0, 0.0, 1.0]], "est_teaser_pose": [[0.9108720062927478, -0.20319091416959764, -0.35920139274667073, 521.1325042054871], [-0.21511187861179737, -0.9765648148845123, 0.006931234354856541, 428.5489607270766], [-0.35219180545879836, 0.07095501905081689, -0.9332343314726318, 1349.8242297501238], [0.0, 0.0, 0.0, 1.0]], "est_all_inliers_teaser_pose": [[0.9946118496987478, -0.10298263351505994, 0.011909896436920215, 517.4473998489373], [-0.07589463476930497, -0.8015805028861788, -0.593050336654465, 414.33621396568697], [0.07062062625089832, 0.5889509950641422, -0.8050772960162822, 1318.0796679112366], [0.0, 0.0, 0.0, 1.0]], "rgb_image_filename": "/home/subella/src/AutomatedAnnotater/Data/RaceCar/Datasets/Validation/2024-01-12-11-46-44/rgb_image_6.png", "average_keypoint_pixel_error": 5.742025660502348, "average_keypoint_world_error": 57.354607080359514, "translation_error": 85.71962996105357, "all_inliers_translation_error": 50.76260044067345, "rotation_error": 41.46097406184696, "all_inliers_rotation_error": 2.2132484519300486, "distance": 1426.938917896136, "K_ros": [[634.3866744313124, 0.0, 642.9537009927419], [0.0, 633.6414372937137, 369.1473349055426], [0.0, 0.0, 1.0]], "K_mat": [[631.478759765625, 0.0, 640.2518310546875], [0.0, 630.9535522460938, 365.23785400390625], [0.0, 0.0, 1.0]], "is_valid": true, "num_inliers": 4}, {"gt_pixel_keypoints": [[869.0565571107662, 634.7500022025235], [840.7783056661756, 517.3851481542549], [1034.3943823086024, 627.2534049805852], [987.4086352257474, 512.2112829540317], [823.8270875922908, 624.1575535088846], [805.7987662904552, 540.5757638173168], [902.5317882087782, 554.3439868017975]], "est_pixel_keypoints": [[865, 636, 2], [831, 522, 2], [1029, 630, 2], [980, 515, 2], [821, 628, 2], [801, 542, 2], [901, 552, 2]], "gt_world_keypoints": [[429.6283585582783, 505.55739638940264, 1198.9968245523708], [421.6915104480044, 315.7293223500879, 1351.193314871956], [756.8873841221314, 498.6386878871288, 1214.4250224973507], [745.167841210854, 308.2474360475449, 1361.3577974656996], [357.52286977693166, 505.4826775766399, 1250.4119964107852], [346.95607211322664, 365.74203241817287, 1352.7338087038754], [494.64280833671114, 352.6202630131508, 1202.8270116712795]], "est_world_keypoints": [[439.9717224551255, 529.3747856143574, 1257.0], [418.2517360363784, 340.37406292339256, 1411.0], [776.4902659325903, 525.2939297690558, 1276.0], [725.2173109678406, 314.1980245235289, 1365.0], [368.2245446074783, 535.9729913725726, 1312.0], [354.26632722036265, 387.911009756743, 1422.0], [513.7442017336302, 364.46940244416186, 1263.0]], "gt_teaser_pose": [[0.9979096386609964, -0.0642464480701441, -0.006981903597819611, 501.00189058979527], [-0.055229480035140596, -0.7917411261577866, -0.6083549076694026, 411.98777290240616], [0.03355678176653673, 0.607468832995381, -0.7936343990381857, 1280.6314771982265], [0.0, 0.0, 0.0, 1.0]], "est_teaser_pose": [[0.9977828563400636, -0.06371675783290426, -0.019223588768127242, 511.4157904212353], [-0.061528771808787915, -0.7730306830076011, -0.631377678864642, 437.5745477608219], [0.025368914710037077, 0.6311606276535823, -0.7752371767829318, 1346.695578955702], [0.0, 0.0, 0.0, 1.0]], "est_all_inliers_teaser_pose": [[0.9601893641827184, -0.10635937707673604, -0.25831002268250314, 502.0854460921167], [-0.24266995352089846, -0.7756175339717466, -0.5826909426563552, 404.4271672320705], [-0.13837513710400298, 0.6221777269425801, -0.7705499318850225, 1320.147276490516], [0.0, 0.0, 0.0, 1.0]], "rgb_image_filename": "/home/subella/src/AutomatedAnnotater/Data/RaceCar/Datasets/Validation/2024-01-12-11-46-44/rgb_image_7.png", "average_keypoint_pixel_error": 5.943289086267813, "average_keypoint_world_error": 60.891801638301274, "translation_error": 71.60724752688519, "all_inliers_translation_error": 40.247176849282674, "rotation_error": 1.828506728342138, "all_inliers_rotation_error": 14.801012953801097, "distance": 1435.5325840211867, "K_ros": [[634.3866744313124, 0.0, 642.9537009927419], [0.0, 633.6414372937137, 369.1473349055426], [0.0, 0.0, 1.0]], "K_mat": [[631.478759765625, 0.0, 640.2518310546875], [0.0, 630.9535522460938, 365.23785400390625], [0.0, 0.0, 1.0]], "is_valid": true, "num_inliers": 4}, {"gt_pixel_keypoints": [[852.9129191757378, 632.9791396068883], [826.7800570629722, 517.3370873019944], [1015.8651368046936, 626.3824592428396], [971.4939268583535, 513.1213888620789], [808.7342258710826, 622.5549592865957], [792.0950407960754, 540.1022123497196], [886.3711428839016, 553.6023485748005]], "est_pixel_keypoints": [[850, 634, 2], [820, 521, 2], [1011, 629, 2], [972, 517, 2], [805, 625, 2], [786, 542, 2], [882, 549, 2]], "gt_world_keypoints": [[403.51940068842566, 508.1196688863878, 1213.6638804069125], [396.0852615070744, 319.1758000181686, 1366.981886227306], [730.7243346172518, 503.71235033768005, 1231.0384131492451], [719.5426711738382, 314.1450948911869, 1379.0743644857866], [331.1161594262934, 507.8280922765381, 1264.6581215557544], [320.97661234141805, 368.6438344485874, 1367.778392845685], [469.6322595737794, 355.6931392051191, 1218.8173955213042]], "est_world_keypoints": [[416.1248050660886, 532.9309734503744, 1275.0], [393.7855853028157, 338.14725148563934, 1411.0], [743.7661829045755, 525.7407376542471, 1282.0], [714.2280441801005, 321.30651162053925, 1377.0], [333.85712742523594, 527.7423691018026, 1307.0], [328.5353650286066, 397.4587490967472, 1457.0], [483.4534109677605, 364.1664760779023, 1283.0]], "gt_teaser_pose": [[0.9980745851191594, -0.06198817452912092, 0.0021421385962347925, 475.16442048602465], [-0.047652716051431676, -0.7884508577467978, -0.6132491040117872, 415.5900549219715], [0.03970316350292366, 0.6119662663389912, -0.7898866676118634, 1296.3544812792964], [0.0, 0.0, 0.0, 1.0]], "est_teaser_pose": [[0.9845253549058054, -0.11993826768885657, -0.12776790477813385, 487.9259923776307], [-0.16201524643225734, -0.9008428866966285, -0.4027817689662485, 446.64270915251547], [-0.06678986054104927, 0.4172492126198466, -0.9063344907356365, 1351.6183558193989], [0.0, 0.0, 0.0, 1.0]], "est_all_inliers_teaser_pose": [[0.9942442905757966, -0.10699365541460733, -0.005536095957496445, 481.4640686813], [-0.09092708518983968, -0.8153601789722342, -0.5717692224361546, 441.8219250608098], [0.05666176697129982, 0.5689816660028559, -0.8203958239266606, 1347.7522414330992], [0.0, 0.0, 0.0, 1.0]], "rgb_image_filename": "/home/subella/src/AutomatedAnnotater/Data/RaceCar/Datasets/Validation/2024-01-12-11-46-44/rgb_image_8.png", "average_keypoint_pixel_error": 5.346200444472201, "average_keypoint_world_error": 55.52303201658773, "translation_error": 64.66236062107954, "all_inliers_translation_error": 58.04762120184565, "rotation_error": 15.910793213423023, "all_inliers_rotation_error": 3.9459929535783154, "distance": 1441.8846213823006, "K_ros": [[634.3866744313124, 0.0, 642.9537009927419], [0.0, 633.6414372937137, 369.1473349055426], [0.0, 0.0, 1.0]], "K_mat": [[631.478759765625, 0.0, 640.2518310546875], [0.0, 630.9535522460938, 365.23785400390625], [0.0, 0.0, 1.0]], "is_valid": true, "num_inliers": 5}, {"gt_pixel_keypoints": [[849.1997755210461, 634.854661669051], [823.461065655814, 519.9685690862061], [1012.5027256097887, 628.2704040954868], [968.1794891852983, 515.5370954953172], [805.4124286213575, 624.7183297919964], [789.0129091327394, 542.7583991077875], [882.0558465174306, 555.425067795125]], "est_pixel_keypoints": [[847, 637, 2], [818, 523, 2], [1008, 631, 2], [969, 520, 2], [802, 628, 2], [784, 544, 2], [880, 550, 2]], "gt_world_keypoints": [[397.53857002225027, 513.2900077296761, 1217.355037581437], [390.6196183850477, 326.3291305166535, 1373.1087579767454], [724.848962932094, 507.9462102390467, 1232.312248342623], [714.1403454818417, 320.3083988970288, 1382.8207002317913], [325.52424771953395, 513.8998044549887, 1268.8942704410993], [315.6897663291081, 376.06850250124756, 1373.8450854480857], [463.1640441031602, 360.70813597131956, 1223.9417925545551]], "est_world_keypoints": [[405.9139949274596, 533.4721554716081, 1262.0], [391.54463405771537, 344.5433314801316, 1419.0], [736.5527706712295, 528.9606891121649, 1280.0], [707.7162428348039, 327.82597161299736, 1377.0], [327.6763544707678, 533.9304113749637, 1307.0], [325.05362653379393, 403.4373090559127, 1462.0], [483.8925052919545, 369.61629639881164, 1295.0]], "gt_teaser_pose": [[0.998177614489842, -0.06004860248258409, -0.005967853153084068, 469.4308184620304], [-0.05067456294756293, -0.7804185780126189, -0.6232005550084464, 421.4883692355028], [0.03276489892310955, 0.6223672616973449, -0.7820392911906069, 1300.6547966280484], [0.0, 0.0, 0.0, 1.0]], "est_teaser_pose": [[0.9961269273918494, -0.08691445962828476, 0.01330493263401688, 474.2934241388291], [-0.05874776495947171, -0.7704771049879757, -0.6347548588247389, 441.7690070898142], [0.06542052152909777, 0.6315147721129493, -0.7725990214632622, 1341.9438100856826], [0.0, 0.0, 0.0, 1.0]], "est_all_inliers_teaser_pose": [[0.9958075070277365, -0.08865071255798815, 0.022549060072788302, 474.3991020489266], [-0.05378407699362518, -0.7668367380574984, -0.6395847795462927, 437.3665350133406], [0.07399109412050198, 0.6356905444697891, -0.7683897771720769, 1341.8637310182642], [0.0, 0.0, 0.0, 1.0]], "rgb_image_filename": "/home/subella/src/AutomatedAnnotater/Data/RaceCar/Datasets/Validation/2024-01-12-11-46-44/rgb_image_9.png", "average_keypoint_pixel_error": 4.974595695915675, "average_keypoint_world_error": 53.48713261873378, "translation_error": 46.25723552105614, "all_inliers_translation_error": 44.44070503317232, "rotation_error": 2.079452329800094, "all_inliers_rotation_error": 2.614229823781084, "distance": 1445.5866071302285, "K_ros": [[634.3866744313124, 0.0, 642.9537009927419], [0.0, 633.6414372937137, 369.1473349055426], [0.0, 0.0, 1.0]], "K_mat": [[631.478759765625, 0.0, 640.2518310546875], [0.0, 630.9535522460938, 365.23785400390625], [0.0, 0.0, 1.0]], "is_valid": true, "num_inliers": 5}, {"gt_pixel_keypoints": [[865.6623854356179, 639.8145806904809], [836.6954573757458, 524.8569011575096], [1032.604123862423, 630.18982206596], [983.6408768254189, 516.9923500260415], [821.3697803064808, 630.637590230174], [802.748802063164, 548.6202096460133], [896.0871652006981, 558.6531302649253]], "est_pixel_keypoints": [[863, 640, 2], [831, 528, 2], [1029, 633, 2], [986, 521, 2], [820, 635, 2], [798, 553, 2], [892, 556, 2]], "gt_world_keypoints": [[426.4158572731434, 519.2219475065872, 1208.196816922567], [418.16361543428377, 335.9569019630336, 1368.2195856261264], [753.7135138016381, 504.54145664987016, 1214.9120869344808], [741.5176597556119, 320.59844889514363, 1369.8044620380515], [355.8224724503628, 523.0714305262557, 1261.5305069530932], [344.750336238597, 387.89111854351336, 1369.7550395003361], [487.7455805938296, 364.9470773872372, 1216.5181909539047]], "est_world_keypoints": [[442.9461323161723, 545.8589558203023, 1277.0], [418.8445804531557, 354.236327625815, 1413.0], [765.536641491535, 523.8398771811517, 1258.0], [738.668170897483, 327.36296635675643, 1366.0], [360.2956701813856, 541.6561645696992, 1291.0], [352.6741945959613, 418.69009840075694, 1443.0], [500.9296228016356, 376.27589773616756, 1276.0]], "gt_teaser_pose": [[0.996807168979969, -0.06631727546834393, -0.04446894247219342, 497.4963877537483], [-0.07940277367499385, -0.7646716574381608, -0.6395095431997042, 426.9230758316647], [0.008406390596275265, 0.6409986546672559, -0.7674959656649087, 1291.5480298383918], [0.0, 0.0, 0.0, 1.0]], "est_teaser_pose": [[0.9576602029782202, -0.14035978680343486, -0.2513683867955708, 505.3497622728236], [-0.22260799257770728, -0.9146819044529028, -0.3373465507559453, 459.9565882171226], [-0.182572224810448, 0.37901997825299993, -0.9071996686578201, 1348.8995838418882], [0.0, 0.0, 0.0, 1.0]], "est_all_inliers_teaser_pose": [[0.9894928288734248, -0.10681530141454353, -0.09743938111353238, 510.87434199472443], [-0.14341150015162688, -0.8106872150777594, -0.5676437094989487, 454.12898560482114], [-0.018359826587630412, 0.5756533077236571, -0.8174877283938183, 1299.0982399390282], [0.0, 0.0, 0.0, 1.0]], "rgb_image_filename": "/home/subella/src/AutomatedAnnotater/Data/RaceCar/Datasets/Validation/2024-01-12-11-46-44/rgb_image_10.png", "average_keypoint_pixel_error": 4.900003617131091, "average_keypoint_world_error": 51.12366566657567, "translation_error": 66.64899983100293, "all_inliers_translation_error": 31.243188998924758, "rotation_error": 22.659529148318764, "all_inliers_rotation_error": 6.19577837606145, "distance": 1448.399903992343, "K_ros": [[634.3866744313124, 0.0, 642.9537009927419], [0.0, 633.6414372937137, 369.1473349055426], [0.0, 0.0, 1.0]], "K_mat": [[631.478759765625, 0.0, 640.2518310546875], [0.0, 630.9535522460938, 365.23785400390625], [0.0, 0.0, 1.0]], "is_valid": true, "num_inliers": 5}, {"gt_pixel_keypoints": [[871.1119696276555, 649.9809016097797], [839.0363710623467, 534.9104516542495], [1039.8993343737116, 636.1350430118534], [986.7367074298354, 523.0191841141541], [826.6297585253881, 641.9527642904039], [805.834536824008, 559.7655571356215], [898.6181102213695, 566.9609326337629]], "est_pixel_keypoints": [[868, 650, 2], [833, 538, 2], [1036, 639, 2], [989, 527, 2], [824, 644, 2], [802, 562, 2], [895, 564, 2]], "gt_world_keypoints": [[434.39827517806134, 535.7180121891595, 1200.8462806934895], [422.73375538703084, 357.3652325948495, 1366.1208640571417], [761.1856753181978, 511.58512490967684, 1204.305542663586], [745.4978985099065, 332.5264837224466, 1364.5157592478868], [364.59514649595553, 543.1517042848354, 1254.8369321115285], [350.89026305485976, 411.464927660609, 1366.9958703433956], [491.2981636914471, 379.9975721495089, 1212.8821861320323]], "est_world_keypoints": [[449.10876288281327, 561.1367140510565, 1266.0], [423.59885165803394, 376.8024854297695, 1414.0], [772.6025066674365, 531.0673411922186, 1247.0], [737.4912101948154, 336.81004847033176, 1352.0], [368.1504280157296, 559.5592666511484, 1290.0], [362.02345513067235, 439.4902732147427, 1444.0], [506.566490417429, 392.07844274911963, 1275.0]], "gt_teaser_pose": [[0.9940961301193076, -0.0808608387040441, -0.07234921454926083, 503.56673072535455], [-0.10850170730932455, -0.7439881492172346, -0.6593246645889077, 443.4810273643933], [-0.0005134128729034904, 0.6632821108611272, -0.7483692790453315, 1287.3358081400904], [0.0, 0.0, 0.0, 1.0]], "est_teaser_pose": [[0.9951838513808136, -0.08420707365461592, -0.05018237436967363, 518.7178432990762], [-0.09504803560628039, -0.7036939762554035, -0.7041169353944324, 459.2970239141147], [0.0239785920820883, 0.7054955396941825, -0.7083085984183559, 1326.308117005346], [0.0, 0.0, 0.0, 1.0]], "est_all_inliers_teaser_pose": [[0.9867867303928373, -0.11568843840954293, -0.11343779766450779, 510.4034850421949], [-0.161131687320021, -0.7740999083101483, -0.6122139424217833, 468.5542524404991], [-0.016986113799674463, 0.6224030182868496, -0.7825125908031147, 1337.3343032751154], [0.0, 0.0, 0.0, 1.0]], "rgb_image_filename": "/home/subella/src/AutomatedAnnotater/Data/RaceCar/Datasets/Validation/2024-01-12-11-46-44/rgb_image_11.png", "average_keypoint_pixel_error": 4.536715671015189, "average_keypoint_world_error": 53.38148957651906, "translation_error": 44.7050647843314, "all_inliers_translation_error": 56.3494218344165, "rotation_error": 3.6919742500560555, "all_inliers_rotation_error": 4.431615253473449, "distance": 1451.7191039747665, "K_ros": [[634.3866744313124, 0.0, 642.9537009927419], [0.0, 633.6414372937137, 369.1473349055426], [0.0, 0.0, 1.0]], "K_mat": [[631.478759765625, 0.0, 640.2518310546875], [0.0, 630.9535522460938, 365.23785400390625], [0.0, 0.0, 1.0]], "is_valid": true, "num_inliers": 5}, {"gt_pixel_keypoints": [[850.2976919201628, 654.7385128682323], [819.8489693155078, 540.6437629542022], [1016.7738943531236, 640.3367672649626], [965.6402959614686, 528.6176705670009], [806.7729392234919, 647.0870686628186], [787.0058496657721, 565.4576394357465], [877.3525036515065, 571.938410852104]], "est_pixel_keypoints": [[849, 656, 2], [1013, 641, 2], [1013, 643, 2], [969, 532, 2], [806, 650, 2], [783, 566, 2], [875, 569, 2]], "gt_world_keypoints": [[397.21422104004, 548.4869709161512, 1209.2292396792993], [384.01188204752, 372.6010147981572, 1377.0127060953514], [723.9816138594689, 524.9824807645152, 1216.643925436381], [706.8132363418341, 348.3080763482663, 1379.330183185978], [326.8082325490406, 556.6031625377905, 1262.3315109178657], [312.07707042199047, 426.5814604848811, 1376.2885565568417], [454.22577291562163, 393.06374012069074, 1224.2165029565808]], "est_world_keypoints": [[417.68774661111496, 582.178666987144, 1286.0], [742.5580606000641, 546.1581618514481, 1273.0], [738.4748662369843, 547.1508862967202, 1266.0], [701.0348258726744, 350.5626717494406, 1364.0], [337.20245540984206, 581.525567800147, 1312.0], [323.85283128435617, 455.75122253204006, 1467.0], [469.2964301199977, 404.6625650167729, 1283.0]], "gt_teaser_pose": [[0.9942128315165372, -0.08698539295123861, -0.06304273995463328, 465.6544949800734], [-0.10675089284173746, -0.7341448826962442, -0.6705486843536496, 457.59388650098055], [0.012045435872594101, 0.6733979749182771, -0.7391820309305431, 1297.9955757339744], [0.0, 0.0, 0.0, 1.0]], "est_teaser_pose": [[0.9930334273048453, -0.07070270563335464, -0.09426420143042255, 486.72942320882436], [-0.11652105347953584, -0.7082538443264935, -0.6962753306650771, 483.52810129116557], [-0.017534433301684138, 0.7024084420142357, -0.7115580961776227, 1356.3992804102545], [0.0, 0.0, 0.0, 1.0]], "est_all_inliers_teaser_pose": [[0.9833686027962575, -0.0985065956945503, 0.15258650542956384, 488.85910720183875], [-0.08431326831196631, -0.9917201577380433, -0.09686279741254927, 409.31435309770075], [0.160864737655865, 0.08238676678144741, -0.983531878913037, 1311.3943991089434], [0.0, 0.0, 0.0, 1.0]], "rgb_image_filename": "/home/subella/src/AutomatedAnnotater/Data/RaceCar/Datasets/Validation/2024-01-12-11-46-44/rgb_image_12.png", "average_keypoint_pixel_error": 34.2404103353431, "average_keypoint_world_error": 112.12578349692434, "translation_error": 67.28840031197498, "all_inliers_translation_error": 55.216807602708485, "rotation_error": 2.907364600455603, "all_inliers_rotation_error": 38.5986325977404, "distance": 1452.9345437022243, "K_ros": [[634.3866744313124, 0.0, 642.9537009927419], [0.0, 633.6414372937137, 369.1473349055426], [0.0, 0.0, 1.0]], "K_mat": [[631.478759765625, 0.0, 640.2518310546875], [0.0, 630.9535522460938, 365.23785400390625], [0.0, 0.0, 1.0]], "is_valid": true, "num_inliers": 4}, {"gt_pixel_keypoints": [[832.0035923592621, 659.922874501334], [802.7176401504502, 546.4221905024986], [997.0083232584735, 644.5060628969493], [947.2341098965528, 533.787947337033], [789.2319545594441, 652.6779993183993], [770.1850551429815, 571.35520553752], [858.4986848527471, 577.0169190327258]], "est_pixel_keypoints": [[829, 661, 2], [798, 550, 2], [992, 646, 2], [994, 644, 2], [787, 655, 2], [766, 571, 2], [857, 575, 2]], "gt_world_keypoints": [[363.30229485031134, 560.5350866538442, 1213.8988888632628], [348.25563008533703, 387.08337863013776, 1384.0446081162315], [689.9423667091598, 536.5083207259905, 1224.5452782637112], [670.9732715554323, 362.2032709612022, 1389.570548687777], [292.4464021776352, 569.5428634553085, 1266.2537303125632], [276.4411222349572, 441.1866924444412, 1381.9143665311926], [419.8595750969345, 405.2314841672395, 1231.601456035602]], "est_world_keypoints": [[370.1061809938465, 581.2720596719398, 1262.0], [349.9857565221182, 408.7185609599215, 1432.0], [705.9202528611753, 560.5725074314245, 1283.0], [720.479007093233, 564.7644691316241, 1302.0], [295.86423418290053, 587.81828443683, 1303.0], [285.3166895441691, 468.60140905890944, 1471.0], [432.5553584070689, 416.4865192185444, 1282.0]], "gt_teaser_pose": [[0.993845989570305, -0.09444419530281083, -0.05788301122630685, 430.8220863003041], [-0.10848611981063185, -0.7243065404810006, -0.6808897100301023, 470.68923105966866], [0.02238103713980802, 0.682979010944003, -0.7300950347636239, 1304.6838736314287], [0.0, 0.0, 0.0, 1.0]], "est_teaser_pose": [[0.9924798921332231, -0.12167306264585029, -0.013391397895832144, 432.80511356338314], [-0.09647989726221125, -0.710232916873418, -0.697324051796401, 488.41656876335736], [0.07533454145011229, 0.6933721004019814, -0.716630893311645, 1350.5148288279927], [0.0, 0.0, 0.0, 1.0]], "est_all_inliers_teaser_pose": [[0.9912184444657565, -0.1319168452681651, -0.009161947684945984, 431.46829404352945], [-0.10047653931408813, -0.7063092449073499, -0.700736552211938, 487.5808054534429], [0.08596778698065533, 0.6955035560605747, -0.7133612991386231, 1353.6385379939009], [0.0, 0.0, 0.0, 1.0]], "rgb_image_filename": "/home/subella/src/AutomatedAnnotater/Data/RaceCar/Datasets/Validation/2024-01-12-11-46-44/rgb_image_13.png", "average_keypoint_pixel_error": 20.570773555466978, "average_keypoint_world_error": 83.5451235980734, "translation_error": 49.179948692695824, "all_inliers_translation_error": 51.79094547109674, "rotation_error": 3.2487718978715323, "all_inliers_rotation_error": 3.8542577359269736, "distance": 1452.36222492655, "K_ros": [[634.3866744313124, 0.0, 642.9537009927419], [0.0, 633.6414372937137, 369.1473349055426], [0.0, 0.0, 1.0]], "K_mat": [[631.478759765625, 0.0, 640.2518310546875], [0.0, 630.9535522460938, 365.23785400390625], [0.0, 0.0, 1.0]], "is_valid": true, "num_inliers": 4}, {"gt_pixel_keypoints": [[811.9726131394635, 655.1268896062791], [785.0185882833072, 542.9020399598337], [975.2632972159336, 639.9362745938779], [928.3472254356373, 530.6939886427209], [770.1357278316842, 648.0818018841424], [752.5937461204084, 567.6005734484318], [838.7707503445961, 572.9685430178614]], "est_pixel_keypoints": [[810, 656, 2], [970, 641, 2], [972, 642, 2], [929, 532, 2], [770, 651, 2], [749, 567, 2], [837, 571, 2]], "gt_world_keypoints": [[326.95296380210374, 555.2837446111669, 1223.3740008560571], [311.31301861074894, 381.6779418915988, 1393.3089304423745], [653.598384968667, 532.6193340300624, 1236.544458558857], [634.079493395702, 358.14655799715223, 1401.3281959789235], [255.65559635815185, 563.9662014479816, 1275.1816000222714], [239.29104361500617, 435.4811807404173, 1390.648735001911], [384.02163678260206, 400.2087461636617, 1241.435761552482]], "est_world_keypoints": [[338.8920282965667, 582.6313720159053, 1287.0], [671.2219825379618, 558.6000995526986, 1302.0], [671.1772615606754, 557.2100052992079, 1294.0], [633.0665822484489, 360.8431020060224, 1404.0], [265.75343647273513, 590.2683514161891, 1327.0], [247.56914853316982, 462.4378706297692, 1481.0], [394.58540951188604, 410.942092240648, 1290.0]], "gt_teaser_pose": [[0.9940883161490013, -0.09670673170535854, -0.04935815777469364, 394.21406106462024], [-0.10433520587399098, -0.7250674189854525, -0.680728582285926, 465.6962277101968], [0.03004304430772009, 0.6818541236720965, -0.7308709663956299, 1314.6902575996253], [0.0, 0.0, 0.0, 1.0]], "est_teaser_pose": [[0.9763878536058683, -0.052668429108641744, -0.20950607606022562, 408.58066770147445], [-0.1856444336023837, -0.7005026073624845, -0.6890807219410588, 477.2502900055949], [-0.11046675338478654, 0.7117036838836712, -0.6937398379385716, 1363.8079680329322], [0.0, 0.0, 0.0, 1.0]], "est_all_inliers_teaser_pose": [[0.5084905197854541, 0.855616024939772, -0.0967399046649439, 417.0544168559607], [-0.8550620053378801, 0.5149930987021797, 0.06042412859686433, 284.4287207772884], [0.10152023599205154, 0.05199352032119958, 0.9934738625292197, 1303.5403985304113], [0.0, 0.0, 0.0, 1.0]], "rgb_image_filename": "/home/subella/src/AutomatedAnnotater/Data/RaceCar/Datasets/Validation/2024-01-12-11-46-44/rgb_image_14.png", "average_keypoint_pixel_error": 32.29632760106605, "average_keypoint_world_error": 107.84442967253074, "translation_error": 52.463751486090175, "all_inliers_translation_error": 183.04073393540125, "rotation_error": 9.700935913631994, "all_inliers_rotation_error": 142.4389155599469, "distance": 1449.3750984034245, "K_ros": [[634.3866744313124, 0.0, 642.9537009927419], [0.0, 633.6414372937137, 369.1473349055426], [0.0, 0.0, 1.0]], "K_mat": [[631.478759765625, 0.0, 640.2518310546875], [